2277214776

2776631343

2201876223

551096530.9

1329017674

1329304641

1330375586

568146962.2

547453637


5186398190
246199263.5

324743355.8

377495592.8

1433412755

1441163438

839183900.6


488720946.7
663830925.7

117778981.7

2414424495

649781381.3

653857896.1

671823534.9

335885991.6


5211642370
1122597190

694088320.3

698423793.9

1837836993

1842007767

1113264022

982986874.9

834109885

699100605.8

609906165.4

1523328217

1522660326

1702813397

66206669.19


5224945900
56735681.65

1042991763

533592566.7

968063139.8

971450044.5

1131880756

1898473026

1823682975

1412351581

1772911907

1197652621

1198106193

2079349866

1670101209


5203798410
2551075171

2916747860

781239350.3

1640150426

1643327483

648621009.6

957342368.1

879349079

678129417.5

895655662.3

865032461.5

866811657

426808040.1

254798064.4


5282136770
463196497.1

373147305.4

501077979.6

1451780226

1454669142

680247820

834186785.9

1045469263

1787338398

686601684

1367879055

1367484068

1363216702

1383782983


5295241640
372143365.4

1124873537

315161220.6

1176874879

1184658957

367608597

362305695.6

437321613.2

265763708.9

870602785.8

1609031527

1614388004

1413540739

630632716.3


5259102360
1946172584

5372231020

963863335.1

1514521109

1506204261


1504506182
251617325.6

388020148.3

177362466.2

1185399050

2535043203

1739998670

1750305884

1993063522

5372213020
977870751.7

980750269.3


293764476.5

588772501.7

2456447964

2461854778

924652355.9

1169247012

1963088639

2099155573

1842350620

3704035155

3707778119

2252584169

1820621008


5348791760
724122846.7

1558737322

1993033949

4226729308

4227693191

2000300891

1992989635

1783759107

1472160394

1553421447

2838273401

2845102166

815300970.3

518939999.8


5360499190
855605958

666182326.7

1077293555

2342321496

2347605050

1613155408

638200206.6

1204223974

262175680.1

586028186.1

999960185.1

1006248486

930312747.9

588078926.9


5396660060
1305378600

817415308.6

854857871

1902489086

1912427066

499579219.5

307747671.9

911526355.8

665196970.5

143755395

1204183570

1214717559

601168465.5

1066967771


5456325330
1318836063

1796478222

1071933331

953603091.5

1009464037

1283510336

1315007990

1310905863

1566676745

1459073103

1892466772

1876329340

1522364447


450304104.6

5504910120
552303127.4

580529984.2

1258369269

4274468283

4287949578

2053715428

1534765769

1960420808

1972796166

1948247087

4505999953

4517908686

2252708223

2114157162


5573674140
2241005930

3048008720

3246999608

3273418668

3283957808

3375810898

1432400657

2059621261

2310122409

294494369.8

2147520548

2166980663

2371012030

823288648.1


5598480510
960825459.7

1499344319

1791400975

3225567861

3239769533

1870149179

1861638114

1587370305

1428364768

1622120195

3990992155

4002092360

960082291.2


4464345.7

5750192730
862370643.1

975769072.2

690382325.2

2940229870

2956758653

1316668744

28844527.15

1157797740

1438304596

2001500907

2715752741

2734046401

2358548182

1981663197


5714968700
517905771.6

737588830.1

1350010345

2668693317

2683138275

1239333540

1701483056

858822517.2

780147047.5

1722294629

3519569779

3526546185

1608199252

1043370993


5684512840
1073811076

855518592.1

1466971585

3491438455

3502213023

1898178499

535041059.4

654347919.2

1401682695

1198916405

2849292926

2864246922

1469979583

1348322468


5719645230
213991680.4

207449502.3

202234196.6

197016408.3

191503428

1481224312

1022429574

741990541.3

652583051.4

325621709.7

2783315896

2792675006

812491389.9

1756053293


5734438730
559621326.6

633622606.3

329205218.9

2120070770

2127036435

1138326200

1334908463

950702882.3

1587085558

1605369204

1536136092

1556218385

2179736155

2352616437


5801684470
591951803.4

528191741.2

373658690.3

2119459418

2133656060

692585816.7

506515247.3

1440176386

350277717.6

224991645.3

2113291863

2122231913

553230855.3

2005170188


5770681510
348481268.6

572480624.9

1169505234

2386269676

2386965413

750100903.9

1173534472

1314491411

1152637922

944091833.8

2112443636

2119951693

139148038.2


860088324.1

5768432420
3444127290

2223116680

2028554186

1984717320

1994193369

942564078.6

639872997.3

335354056

279416682

1209072592

1539588371

1544766764

1959470851

1500633079


5815800290
1128198070

1202858025

1325357141

2212692480

2216442582

1141286692

518729483.5

562755634.3

1397091289

1466640956

2568550754

2568550754

2575992801

2568550754

342843585

439025742.8


5890561770
2947489573

1232477286

1405120544

3694040496

3707262654

1710992632

1545041921

2085583332

1861898455

3111633017

3094269198

2276231906

1699104091


5886638430
1501124694

1450696075

1597834148

3790288294

3734319913

1966632273

